0.2132	3.218641
0.2391	3.109624
0.2591	3.020643
0.3443	2.602934
0.3751	2.439906
0.4534	2.008014
0.6019	1.175096
0.6515	0.908365
0.6724	0.799298
0.7522	0.406007
0.7585	0.376734
0.7929	0.222027
0.8517	-0.020841
0.882	-0.134592
0.9724	-0.424596
1.1257	-0.739787
1.1458	-0.764669
1.3177	-0.833476
1.331	-0.828917
1.521	-0.641378
1.5942	-0.522233
1.6864	-0.350229
1.6962	-0.331003
1.879	0.034121
1.9275	0.126481
2.1155	0.42938
2.2563	0.576188
2.3059	0.609065
2.4638	0.648864
2.5408	0.635475
2.5796	0.621739
2.6237	0.601163
2.8082	0.474179
2.9439	0.363689
3.02	0.305504
3.1667	0.217259
3.3461	0.175552
3.4841	0.202833
3.6496	0.299881
3.7354	0.372153
3.8194	0.452646
3.847	0.480486
3.9516	0.588571
4.0427	0.68115
4.0483	0.686665
4.0736	0.71122
4.1431	0.774962
4.2782	0.877707
4.3983	0.939292
4.5914	0.97386
4.6689	0.967209
4.7801	0.941854
4.9574	0.879298
4.9671	0.87562
5.162	0.811104
5.2454	0.794726